test loss:  3.0647  
acc:               precision    recall  f1-score   support

           0       0.21      0.24      0.23       163
           1       0.38      0.74      0.50       163
           2       0.16      0.53      0.24       163
           3       0.45      0.29      0.36       163
           4       0.19      0.12      0.15       163
           5       0.33      0.30      0.32       163
           6       0.21      0.26      0.23       163
           7       0.00      0.00      0.00        45
           8       0.09      0.07      0.08       163
           9       0.34      0.21      0.26       163
          10       0.08      0.04      0.06       163
          11       0.18      0.06      0.08       163
          12       0.15      0.13      0.14       163
          13       0.00      0.00      0.00        88
          14       0.15      0.12      0.14       163

    accuracy                           0.23      2252
   macro avg       0.20      0.21      0.19      2252
weighted avg       0.21      0.23      0.20      2252

epoch 7/100
----------
train loss:  1.0390  
acc:               precision    recall  f1-score   support

           0       0.65      0.68      0.67      1000
           1       0.79      0.83      0.81       777
           2       0.62      0.60      0.61       829
           3       0.76      0.76      0.76       397
           4       0.73      0.76      0.75      1000
           5       0.70      0.69      0.69       587
           6       0.54      0.45      0.49       551
           7       0.50      0.11      0.18        65
           8       0.58      0.58      0.58      1000
           9       0.70      0.74      0.72      1000
          10       0.65      0.68      0.67      1000
          11       0.65      0.68      0.66      1000
          12       0.58      0.55      0.56       817
          13       0.56      0.27      0.36       234
          14       0.71      0.73      0.72      1000

    accuracy                           0.66     11257
   macro avg       0.65      0.61      0.62     11257
weighted avg       0.66      0.66      0.66     11257

test loss:  3.4065  
acc:               precision    recall  f1-score   support

           0       0.21      0.13      0.16       163
           1       0.60      0.50      0.55       163
           2       0.12      0.29      0.17       163
           3       0.31      0.24      0.27       163
           4       0.22      0.39      0.28       163
           5       0.41      0.19      0.26       163
           6       0.14      0.23      0.17       163
           7       0.17      0.02      0.04        45
           8       0.14      0.07      0.10       163
           9       0.23      0.20      0.21       163
          10       0.07      0.04      0.05       163
          11       0.20      0.16      0.18       163
          12       0.20      0.15      0.17       163
          13       0.07      0.10      0.08        88
          14       0.18      0.17      0.17       163

    accuracy                           0.20      2252
   macro avg       0.22      0.19      0.19      2252
weighted avg       0.22      0.20      0.20      2252

epoch 8/100
----------
train loss:  0.8337  
acc:               precision    recall  f1-score   support

           0       0.72      0.73      0.73      1000
           1       0.85      0.88      0.86       777
           2       0.69      0.68      0.68       829
           3       0.81      0.81      0.81       397
           4       0.79      0.81      0.80      1000
           5       0.75      0.74      0.75       587
           6       0.64      0.59      0.61       551
           7       0.70      0.32      0.44        65
           8       0.64      0.65      0.64      1000
           9       0.77      0.78      0.78      1000
          10       0.72      0.75      0.73      1000
          11       0.70      0.73      0.71      1000
          12       0.63      0.63      0.63       817
          13       0.69      0.41      0.51       234
          14       0.78      0.79      0.79      1000

    accuracy                           0.73     11257
   macro avg       0.72      0.69      0.70     11257
weighted avg       0.73      0.73      0.73     11257

test loss:  4.0248  
acc:               precision    recall  f1-score   support

           0       0.25      0.11      0.15       163
           1       0.37      0.80      0.50       163
           2       0.16      0.13      0.14       163
           3       0.36      0.47      0.41       163
           4       0.22      0.28      0.24       163
           5       0.42      0.12      0.19       163
           6       0.24      0.07      0.11       163
           7       1.00      0.07      0.12        45
           8       0.11      0.31      0.17       163
           9       0.24      0.15      0.18       163
          10       0.10      0.06      0.07       163
          11       0.26      0.04      0.07       163
          12       0.14      0.31      0.19       163
          13       0.04      0.01      0.02        88
          14       0.18      0.12      0.15       163

    accuracy                           0.22      2252
   macro avg       0.27      0.20      0.18      2252
weighted avg       0.24      0.22      0.19      2252

epoch 9/100
----------
train loss:  0.6157  
acc:               precision    recall  f1-score   support

           0       0.79      0.81      0.80      1000
           1       0.87      0.88      0.88       777
           2       0.77      0.77      0.77       829
           3       0.84      0.85      0.85       397
           4       0.83      0.85      0.84      1000
           5       0.84      0.82      0.83       587
           6       0.72      0.69      0.70       551
           7       0.78      0.48      0.59        65
           8       0.75      0.75      0.75      1000
           9       0.81      0.83      0.82      1000
          10       0.80      0.80      0.80      1000
          11       0.79      0.79      0.79      1000
          12       0.74      0.73      0.73       817
          13       0.77      0.64      0.70       234
          14       0.83      0.83      0.83      1000

    accuracy                           0.80     11257
   macro avg       0.79      0.77      0.78     11257
weighted avg       0.80      0.80      0.80     11257

test loss:  4.1220  
acc:               precision    recall  f1-score   support

           0       0.23      0.10      0.14       163
           1       0.56      0.38      0.45       163
           2       0.19      0.37      0.25       163
           3       0.53      0.12      0.19       163
           4       0.24      0.07      0.11       163
           5       0.36      0.19      0.25       163
           6       0.13      0.29      0.18       163
           7       0.25      0.07      0.11        45
           8       0.06      0.07      0.06       163
           9       0.24      0.27      0.25       163
          10       0.10      0.23      0.14       163
          11       0.22      0.12      0.15       163
          12       0.12      0.13      0.13       163
          13       0.03      0.01      0.02        88
          14       0.18      0.15      0.16       163

    accuracy                           0.18      2252
   macro avg       0.23      0.17      0.17      2252
weighted avg       0.23      0.18      0.18      2252

epoch 10/100
----------
train loss:  0.4406  
acc:               precision    recall  f1-score   support

           0       0.87      0.88      0.88      1000
           1       0.89      0.90      0.89       777
           2       0.83      0.83      0.83       829
           3       0.88      0.89      0.88       397
           4       0.89      0.90      0.89      1000
           5       0.86      0.86      0.86       587
           6       0.83      0.80      0.82       551
           7       0.85      0.62      0.71        65
           8       0.82      0.82      0.82      1000
           9       0.86      0.86      0.86      1000
          10       0.87      0.87      0.87      1000
          11       0.84      0.85      0.85      1000
          12       0.83      0.82      0.82       817
          13       0.86      0.75      0.80       234
          14       0.87      0.89      0.88      1000

    accuracy                           0.86     11257
   macro avg       0.86      0.84      0.84     11257
weighted avg       0.86      0.86      0.86     11257

test loss:  4.8550  
acc:               precision    recall  f1-score   support

           0       0.24      0.20      0.22       163
           1       0.63      0.39      0.48       163
           2       0.17      0.40      0.24       163
           3       0.38      0.13      0.19       163
           4       0.17      0.33      0.23       163
           5       0.52      0.07      0.12       163
           6       0.21      0.20      0.21       163
           7       0.56      0.11      0.19        45
           8       0.16      0.11      0.13       163
           9       0.35      0.24      0.28       163
          10       0.09      0.10      0.10       163
          11       0.17      0.07      0.10       163
          12       0.10      0.33      0.15       163
          13       0.00      0.00      0.00        88
          14       0.13      0.05      0.07       163

    accuracy                           0.19      2252
   macro avg       0.26      0.18      0.18      2252
weighted avg       0.25      0.19      0.19      2252

epoch 11/100
----------
train loss:  0.3164  
acc:               precision    recall  f1-score   support

           0       0.91      0.91      0.91      1000
           1       0.93      0.92      0.93       777
           2       0.88      0.89      0.89       829
           3       0.94      0.93      0.94       397
           4       0.92      0.92      0.92      1000
           5       0.91      0.91      0.91       587
           6       0.87      0.89      0.88       551
           7       0.97      0.86      0.91        65
           8       0.88      0.87      0.87      1000
           9       0.90      0.90      0.90      1000
          10       0.90      0.91      0.90      1000
          11       0.88      0.89      0.89      1000
          12       0.88      0.87      0.88       817
          13       0.89      0.84      0.87       234
          14       0.91      0.91      0.91      1000

    accuracy                           0.90     11257
   macro avg       0.90      0.90      0.90     11257
weighted avg       0.90      0.90      0.90     11257

test loss:  4.8444  
acc:               precision    recall  f1-score   support

           0       0.19      0.12      0.15       163
           1       0.48      0.57      0.52       163
           2       0.15      0.37      0.22       163
           3       0.47      0.15      0.22       163
           4       0.20      0.34      0.25       163
           5       0.26      0.31      0.29       163
           6       0.18      0.10      0.13       163
           7       1.00      0.02      0.04        45
           8       0.16      0.07      0.10       163
           9       0.24      0.12      0.16       163
          10       0.08      0.13      0.10       163
          11       0.27      0.11      0.16       163
          12       0.12      0.17      0.14       163
          13       0.00      0.00      0.00        88
          14       0.18      0.22      0.20       163

    accuracy                           0.20      2252
   macro avg       0.27      0.19      0.18      2252
weighted avg       0.24      0.20      0.19      2252

epoch 12/100
----------
train loss:  0.2776  
acc:               precision    recall  f1-score   support

           0       0.91      0.91      0.91      1000
           1       0.94      0.95      0.94       777
           2       0.89      0.89      0.89       829
           3       0.92      0.93      0.93       397
           4       0.92      0.94      0.93      1000
           5       0.93      0.91      0.92       587
           6       0.90      0.90      0.90       551
           7       0.95      0.80      0.87        65
           8       0.89      0.89      0.89      1000
           9       0.91      0.91      0.91      1000
          10       0.88      0.91      0.89      1000
          11       0.90      0.89      0.89      1000
          12       0.91      0.89      0.90       817
          13       0.91      0.87      0.89       234
          14       0.92      0.93      0.92      1000

    accuracy                           0.91     11257
   macro avg       0.91      0.90      0.91     11257
weighted avg       0.91      0.91      0.91     11257

test loss:  4.7617  
acc:               precision    recall  f1-score   support

           0       0.21      0.28      0.24       163
           1       0.57      0.45      0.50       163
           2       0.15      0.31      0.20       163
           3       0.34      0.36      0.35       163
           4       0.18      0.29      0.22       163
           5       0.35      0.29      0.32       163
           6       0.15      0.04      0.06       163
           7       0.86      0.13      0.23        45
           8       0.17      0.06      0.09       163
           9       0.17      0.10      0.13       163
          10       0.09      0.03      0.05       163
          11       0.20      0.22      0.21       163
          12       0.14      0.35      0.20       163
          13       0.00      0.00      0.00        88
          14       0.16      0.10      0.13       163

    accuracy                           0.21      2252
   macro avg       0.25      0.20      0.19      2252
weighted avg       0.23      0.21      0.20      2252

epoch 13/100
----------
train loss:  0.2394  
acc:               precision    recall  f1-score   support

           0       0.91      0.91      0.91      1000
           1       0.95      0.96      0.95       777
           2       0.92      0.93      0.93       829
           3       0.95      0.94      0.94       397
           4       0.93      0.94      0.93      1000
           5       0.91      0.92      0.91       587
           6       0.92      0.92      0.92       551
           7       0.98      0.88      0.93        65
           8       0.92      0.92      0.92      1000
           9       0.93      0.93      0.93      1000
          10       0.92      0.93      0.93      1000
          11       0.92      0.92      0.92      1000
          12       0.91      0.90      0.90       817
          13       0.92      0.89      0.90       234
          14       0.93      0.93      0.93      1000

    accuracy                           0.93     11257
   macro avg       0.93      0.92      0.92     11257
weighted avg       0.93      0.93      0.93     11257

test loss:  5.2667  
acc:               precision    recall  f1-score   support

           0       0.18      0.09      0.12       163
           1       0.54      0.50      0.52       163
           2       0.13      0.09      0.11       163
           3       0.41      0.29      0.34       163
           4       0.19      0.44      0.27       163
           5       0.32      0.35      0.34       163
           6       0.09      0.02      0.04       163
           7       0.56      0.20      0.30        45
           8       0.09      0.04      0.05       163
           9       0.25      0.25      0.25       163
          10       0.14      0.04      0.07       163
          11       0.30      0.07      0.12       163
          12       0.12      0.25      0.16       163
          13       0.10      0.02      0.04        88
          14       0.14      0.43      0.21       163

    accuracy                           0.21      2252
   macro avg       0.24      0.21      0.19      2252
weighted avg       0.23      0.21      0.19      2252

epoch 14/100
----------
train loss:  0.2047  
acc:               precision    recall  f1-score   support

           0       0.93      0.93      0.93      1000
           1       0.95      0.96      0.96       777
           2       0.93      0.93      0.93       829
           3       0.95      0.95      0.95       397
           4       0.95      0.95      0.95      1000
           5       0.95      0.94      0.94       587
           6       0.92      0.92      0.92       551
           7       0.97      0.89      0.93        65
           8       0.92      0.92      0.92      1000
           9       0.94      0.93      0.94      1000
          10       0.93      0.94      0.94      1000
          11       0.91      0.92      0.92      1000
          12       0.90      0.91      0.90       817
          13       0.94      0.91      0.93       234
          14       0.93      0.94      0.94      1000

    accuracy                           0.93     11257
   macro avg       0.94      0.93      0.93     11257
weighted avg       0.93      0.93      0.93     11257

test loss:  4.9065  
acc:               precision    recall  f1-score   support

           0       0.26      0.18      0.21       163
           1       0.53      0.59      0.56       163
           2       0.13      0.41      0.19       163
           3       0.33      0.27      0.30       163
           4       0.20      0.24      0.22       163
           5       0.26      0.23      0.25       163
           6       0.20      0.12      0.15       163
           7       0.80      0.09      0.16        45
           8       0.13      0.10      0.11       163
           9       0.24      0.26      0.25       163
          10       0.06      0.02      0.03       163
          11       0.24      0.17      0.20       163
          12       0.15      0.17      0.16       163
          13       0.06      0.02      0.03        88
          14       0.16      0.17      0.17       163

    accuracy                           0.21      2252
   macro avg       0.25      0.20      0.20      2252
weighted avg       0.23      0.21      0.21      2252

epoch 15/100
----------
train loss:  0.1549  
acc:               precision    recall  f1-score   support

           0       0.95      0.94      0.95      1000
           1       0.97      0.97      0.97       777
           2       0.96      0.94      0.95       829
           3       0.95      0.95      0.95       397
           4       0.96      0.96      0.96      1000
           5       0.97      0.97      0.97       587
           6       0.94      0.93      0.94       551
           7       1.00      0.97      0.98        65
           8       0.93      0.94      0.94      1000
           9       0.94      0.95      0.94      1000
          10       0.94      0.95      0.95      1000
          11       0.94      0.94      0.94      1000
          12       0.93      0.93      0.93       817
          13       0.97      0.96      0.96       234
          14       0.95      0.96      0.96      1000

    accuracy                           0.95     11257
   macro avg       0.95      0.95      0.95     11257
weighted avg       0.95      0.95      0.95     11257

test loss:  5.0250  
acc:               precision    recall  f1-score   support

           0       0.22      0.26      0.24       163
           1       0.41      0.65      0.50       163
           2       0.13      0.35      0.19       163
           3       0.42      0.25      0.31       163
           4       0.21      0.20      0.20       163
           5       0.37      0.15      0.22       163
           6       0.26      0.13      0.18       163
           7       0.60      0.07      0.12        45
           8       0.12      0.12      0.12       163
           9       0.18      0.33      0.23       163
          10       0.09      0.07      0.08       163
          11       0.14      0.10      0.12       163
          12       0.16      0.09      0.12       163
          13       0.02      0.01      0.01        88
          14       0.22      0.15      0.18       163

    accuracy                           0.21      2252
   macro avg       0.24      0.20      0.19      2252
weighted avg       0.23      0.21      0.20      2252

epoch 16/100
----------
